205320281863897618
205320281863897619
205320281863897620
81138449715844352
87004098888771312
83304174110074320
101867632630262864
136862930604632944
92529755689512720
139664514828784000
114029741491395328
105054758725078784
94442074545039456
76421683579584688
80066169896971312
112915099528231040
126918786280501424
129448255537649312
83464016745637088
108392634387449872
108884867927481984
111352269181101008
95448056214513024
110452265792857980
101399671286984720
108738689685279424
108738324267168768
90675434361143776
138968760057223520
140621287680184544
120504067794318880
82468436347927104
92195524773033792
81297572710346784
132297024011924176
135554893935127072
80632900163441600
81331881106529280
87653991557366032
89177434364899616
79974540314609792
125014344236884448
130883236158053904
84648812717880736
116703996046494848
147577957051232320
130212605640412944
120603091462665216
137071177936902432
114458331263475168
137198613140678656
144115688852246240
111616607122820736
113974413478529776
109548403881553456
113791147788107472
103778031204555552
92561850794025920
135569945606820608
135642647911803744
127954140166292272
88952594050636624
112563032967110976
110341437156412384
130617644234776704
108146929226308032
138760677927943904
84615099802223712
118511712589532080
125730153535478368
75540839000548400
116537733279861552
99671227804234288
84849493885348720
110968970202075344
132289960522344480
140622084587566672
112829429542373376
95272432956609536
141518144708934064
76718399695972048
123236284257012016
147045821853866944
112288580747471152
113438463096277600
148407013640462336
117703589363263840
106170510966535344
124182457415594720
101567631722310944
126687062023513312
135175154988906544
133581568728709312
103956151380888240
87731779536056368
120323206032271392
118158014978867904
90018969472550928
101851941278470528
88063362829279632
123719843991779568
98133240637502080
125278966157917280
131836393482745216
119770240802977424
95932383558865616
139430919290483488
133803527382260672
75212919020270240
129236345199771744
97104731910022960
120553223593191552
89278424052637632
75382897931422352
144662853406154400
81261587196969888
102231117241163328
87878572017167600
144456842022945152
114932961948134624
108908657661748512
80612634577937024
84549611121852736
110886401112262416
114307815332655360
111259820135062864
79458234422950848
115740727851396368
147865914045452736
115998753177716640
90805331137034800
121982154181309584
103153913543129328
144626925960419776
101276190764074976
125892718114633264
144892023857345216
128427731402749472
139942491226121536
145797226199412416
112189373598295040
123620938723857152
101198866374637120
88589780019105920
130461163969724000
126896935565565312
77301798395733104
129241285376212704
101129940092433120
133830736998419040
87878950204961792
106678731934146208
125438660264407904
121696073113957616
146591809750116352
110942215000838912
112893305480504512
102730833263896368
117584680206045072
96960775580226528
81236881883561376
89899285897646800
140374788530198816
128996873081036608
102620883435994144
115132167537406512
125369805013251232
115597948988761408
